000000011111111000111100001111000111111110000011001100110111011001111001001011110101010010011111010100001101010101101001101011010111010101100111010101101101001100110110010011000111110100000111011110101001011100110110110101100
000000011111111000111100001111000111111110000011001100110111011001111001001011110101010010011111010100001101010101101001101011010011010101100110010101101101001100110110010011000111110100000111011110101001011100110110110101100
000000011111111000111100001111000111111110000011001100110111011001111001001011110101010010011111010100001101010101111001101011010011010101100110010101101101011100110110010011000111110100000111011110101001011100110110110101100
000000011111111000111100001111000111111110000011001100110111011001111001001011110101001010011111010010001101010101111001101011010101010101100011010110101100110100101110011011000111110100000111011110101001101100110110110011100
000000011111111000111100001111000111111110000011001100110111011001111001001011110101001010011111010010001101010101110001101011010101010101100011010110101100110100101110011001000111110100000111011110101001101100110110110011100
000000011111111000111100001111000111111110000011001100110111011001111001001011110101001010011111010010001101010101110001101011010101011101100011010110101100110100101110011001000111110100000111011110101001101100110110111011100
000000011111111000111100001111000111111110000011001100110111011001111001001011110101011010011111010100001101010101101001101011010111010101100111010101101101001100110110011011000111110100000111011110101001011100110110110101100
000000011111111000111100001111000111111110000011001100110111011001111001001011110101011010011111010100001101010101101001101011010011010101100110010101101101001100110110011011000111110100000111011110101001011100110110110101100
000000011111111000111100001111000111111110000011001100110111011001111001001011110101011010011111010100001101010101111001101011010011010101100110010101101101011100110110011011000111110100000111011110101001011100110110110101100
000000011111111000111100001111000111111110000011001100110111011001111001001011110101011010011111010100001101010101110001101011010011010101100110010101101101011100110110011001000111110100000111011110101001011100110110110101100
000000011111111000111100001111000111111110000011001100110111011001111001001011110101011010011111010100001101010101110001101011010011011101100110010101101101011100110110011001000111110100000111011110101001011100110110111101100
000000011111111000111100001111000111111110000011001101110111011001110011001011110100011010011111010100001101010101110001101100010110110101100111000101101111011001010110011000010111110100001101011110101001011100110110110101100
000000011111111000111100001111000111111110000011001101110111011001110011001011110100011010011111010100001101010101110001101100010110110101100111000101101111011001011110011000010111110100001101011110101001011100110110110111100
000000011111111000111100001111000111111110000011001101110111011001110011001011110100011010011111010100001101010101111001101100010110110101100111000101101111011001010110011010010111110100001101011110101001011100110110110101100
000000011111111000111100001111000111111110000011001100110111011001111001001011110101010001011111010001010101010101101011101011010110001101100011010110101101001100101110010110000111110100000111011110100110101100110111011011100
000000011111111000111100001111000111111110000011001100110111011001111001001011110101010001011111010001010101010101101010101011010110001101100011010110101101001100101110010110000111110100000111011110100110101100110111001011100
000000011111111000111100001111000111111110000011001100110111011001111001001011110101010001011111010001010101010101101010101011010111001101100011010110101101001100101110010111000111110100000111011110100110101100110111001011100
000000011111111000111100001111000111111110001011001100110111011001111001010011110101010010011111010001001101010101101011101011010110010101100011010101101101001100110110010110000111110100000111011110111011011100111100110101100
000000011111111000111100001111000111111110001011001100110111011001111001010011110101010010011111010001001101010101101001101011010110010101100011010101101101001100110110010110000111110100000111011110111001011100111100110101100
000000011111111000111100001111000111111110001011001100110111011001111001010011110101010010011111010001001101010101101001101011010111010101100011010101101101001100110110010111000111110100000111011110111001011100111100110101100
000000011111111000111100001111000111111110000011001100110011011001111001100011110001010101011110010101010101010101101100101011010110100101100111010010101101001100011110010110000111110011011001001110100100111001110101000011110
000000011111111000111100001111000111111110000011001100110011011001111001100011110001010101011110010101010101010101101100101011010110100101100111011010101101001100011110010110100111110011011001001110100100111001110101000011110
000000011111111000111100001111000111111110000011001100110011011001111001100011110001010101011110010101010101010101101100101011010110100101100111011010101101001100111110010110100111110011011011001110100100111001110101000011110
000000011111111000111100001111000111111110000011001100110011011001111001100011110001010101011110010101010101010101101100101011010110100101100111010010101101001100111110010110000111110011011011001110100100111001110101000011110
000000011111111000111100001111000111111110000011001100110011011001111001100011110001010101011110010101010101010101101100101011010110101101100111010010101101001100011110010110000111110011011001001110100100111001110101001011110
000000011111111000111100001111000111111110000011001100110011011001111001100011110001010101011110010101010101010101101100101011010110101101100111011010101101001100011110010110100111110011011001001110100100111001110101001011110
000000011111111000111100001111000111111110000011001100110011011001111001100011110001010101011110010101010101010101101100101011010010101101100110011010101101001100011110010110100111110011011001001110100100111001110101001011110
000000011111111000111100001111000111111110000011001100110011011001111001100011110001010101011110010101010101010101111100101011010010101101100110011010101101011100011110010110100111110011011001001110100100111001110101001011110
000000011111111000111100001111000111111110000011001100110011011001111001100011110101000101011111010011010101010101111100101011010100101101100011010011101100110101010110010110010111110011011001001110100100111001110101001101110
000000011111111000111100001111000111111110000011001100110011011001111001100011110100010101011111001001010101010001111100101010110101010101100011010011101101010100101110010111000111110011010011001110100101101001110101000111110
000000011111111000111100001111000111111110000011001100110011011001111001100011110100010101011111001101010101010001111100101010110101010101100111010011101101010100101110010111000111110011010011001110100101101001110101000111110
000000011111111000111100001111000111111110000011001100110011011001111001100011110100010101011111001101010101010001111100101010110101010101100111010010101101010100101110010111000111110011010011001110100101101001110101000011110
000000011111111000111100001111000111111110000011001100110011011001111001100011110100010101011111001100010101010001111100101010110101010101100111010010101101010100101110010011000111110011010011001110100101101001110101000011110
000000011111111000111100001111000111111110000011001100110011011001111001100011110100010101011111001100010101010001111100101010110101010101100111010011101101010100101110010011000111110011010011001110100101101001110101000111110
000000011111111000111100001111000111111110000011001100110011011001111001100011110100010101011111001100010101010001111100101010110101010101100111010010101101010100111110010011000111110011010011001110100101111001110101000011110
000000011111111000111100001111000111111110000011001100110011011001111001100011110100010101011111001101010101010001111100101010110101010101100111010010101101010100111110010111000111110011010011001110100101111001110101000011110
000000011111111000111100001111000111111110000011001100110011011001111001100011110101010101011111010101010101010101101100101011010110100101100111010010101101001100111110010110000111110011011011001110100100111001110101000011110
000000011111111000111100001111000111111110000011001100110011011001111001100011110101010101011111010101010101010101101100101011010110100101100111011010101101001100111110010110100111110011011011001110100100111001110101000011110
000000011111111000111100001111000111111110000011001100110011011001111001100011110101010101011111010101010101010101101100101011010110100101100111011010101101001100011110010110100111110011011001001110100100111001110101000011110
000000011111111000111100001111000111111110000011001100110011011001111001100011110101010101011111010101010101010101101100101011010110100101100111010010101101001100011110010110000111110011011001001110100100111001110101000011110
000000011111111000111100001111000111111110000011001100110011011001111001100011110101010101011111010101010101010101101100101011010110101101100111010010101101001100011110010110000111110011011001001110100100111001110101001011110
000000011111111000111100001111000111111110000011001100110011011001111001100011110101010101011111010101010101010101101100101011010110101101100111011010101101001100011110010110100111110011011001001110100100111001110101001011110
000000011111111000111100001111000111111110000011001100110011011001111011100011110100010101011111001101010101010001111100101010110101010101100111010010101111010100101110010111000111110011010011001110100101101001110101000011110
000000011111111000111100001111000111111110000011001100110011011001111011100011110100010101011111001101010101010001111100101010110101010101100111010011101111010100101110010111000111110011010011001110100101101001110101000111110
000000011111111000111100001111000111111110000011001100110011011001111011100011110100010101011111001100010101010001111100101010110101010101100111010011101111010100101110010011000111110011010011001110100101101001110101000111110
000000011111111000111100001111000111111110000011001100110011011001111011100011110100010101011111001100010101010001111100101010110101010101100111010010101111010100101110010011000111110011010011001110100101101001110101000011110
000000011111111000111100001111000111111110000011001100110011011001111011100011110100010101011111001001010101010001111100101010110101010101100011010011101111010100101110010111000111110011010011001110100101101001110101000111110
000000011111111000111100001111000111111110000011001100110011011001111011100011110100010101011111001001010101010001111100101010110101010101100011010011101111010100101110010111000110110011010011001110100101101001110101000110110
000000011111111000111100001111000111111110000011001100110011011001111011100011110100010101011111001001010101010001111100101010110101010101100011010011101111010100101110010111000110110011010011011110100101101101110101000110110
000000011111111000111100001111000111111110000011001100110011011001111011100011110100010101011111001101010101010001111100101010110101010101100111010011101111010100101110010111000110110011010011011110100101101101110101000110110
000000011111111000111100001111000111111110000011001100110011011001111011100011110100010101011111001101010101010001111100101010110101010101100111010011101111010100101110010111000110110011010011001110100101101001110101000110110
000000011111111000111100001111000111111110000011001100110011011001111001100011110100010101011111001101010101010001111100101010110101010101100111010011101101010100101110010111000110110011010011001110100101101001110101000110110
000000011111111000111100001111000111111110000011001100110011011001111001100011110100010101011111001101010101010001111100101010110101010101100111010011101101010100101110010111000110110011010011011110100101101101110101000110110
000000011111111000111100001111000111111110000011001100110011011001111001100011110100010101011111001001010101010001111100101010110101010101100011010011101101010100101110010111000110110011010011011110100101101101110101000110110
000000011111111000111100001111000111111110000011001100110011011001111001100011110100010101011111001001010101010001111100101010110101010101100011010011101101010100101110010111000110110011010011001110100101101001110101000110110
000000011111111000111100001111000111111110000011001101110011011001110111100011110100010101011111000101010101010001111100101100010110011101110111001010101111011000101110010110100110110011010011011110100101101101110101001010110
000000011111111000111100001111000111111110000011001101110011011001110111100011110100010101011111000101010101010001111100101100010110011101110111001010101111011000101110010110100110110011010011001110100101101001110101001010110
000000011111111000111100001111000111111110000011001101110011011001110111100011110100010101011111000101010101010001111100101100010110011101110111001010101111011000101110010110100111110011010011001110100101101001110101001011110
000000011111111000111100001111000111111110000011001101110011011001110011100011110100010101011111000101010101010001111100101100010110011101100111001010101111011000101110010110100111110011010011001110100101101001110101001011110
000000011111111000111100001111000111111110000011001101110011011001110011100011110100010101011111000101010101010001111100101100010110011101100111001010101111011000101110010110100110110011010011001110100101101001110101001010110
000000011111111000111100001111000111111110000011001101110011011001110011100011110100010101011111000101010101010001111100101100010110011101100111001010101111011000101110010110100110110011010011011110100101101101110101001010110
000000011111111000111100001111000111111110000011001101110011011001110011100011110100010101011111010101010101010101111100101100010110011101100111001010101111011000101110010110100110110011010011011110100101101101110101001010110
000000011111111000111100001111000111111110000011001101110011011001110011100011110100010101011111010101010101010101111100101100010110011101100111001010101111011000101110010110100110110011010011001110100101101001110101001010110
000000011111111000111100001111000111111110000011001101110011011001110011100011110100010101011111010101010101010101111000101100010110011101100111001010101111011000101110010110100110110011000011011110100101101101110101001010110
000000011111111000111100001111000111111110000011001101110011011001110011100011110100010101011111010101010101010101111000101100010110011101100111001010101111011001101110010110110110110011000011011110100101101101110101001010110
000000011111111000111100001111000111111110000011001101110011011001110011100011110100010101011111010101010101010101111100101100010110011101100111001010101111011000101110010110100111110011010011001110100101101001110101001011110
000000011111111000111100001111000111111110000011001101110011011001110011100011110100010101011111010101000101010101111100101100010110011101100111001010101111011000101110010110100110110011010011011110100001101101110101001010110
000000011111111000111100001111000111111110000011001101110011011001110011100011110100010101011111010101000101010101111000101100010110011101100111001010101111011000101110010110100110110011000011011110100001101101110101001010110
000000011111111000111100001111000111111110000011001101110011011001110011100011110100010101011111010101000101010101111000101100010110011101100111001010101111011001101110010110110110110011000011011110100001101101110101001010110
000000011111111000111100001111000111111110001011001101110110011001110011001011110100011010011111000100101101010001111001101100010110110101100111000101101111011001010110011010010111110100101101011110101001011100111010110101100
000000011111111000111100001111000111111110001011001101110110011001110011001011110100011010011111000100101101010001111001101100010110110101100111000101101111011001010110011010010011110100101100011110101001011100111010110101100
000000011111111000111100001111000111111110001011001101110110011001110011001011110100011010011111000100101101010001111001101100010110110101100111000101101111011001010110011010010011110100101100011110101001011101111010110101110
000000011111111000111100001111000111111110001011001100110011011001111011100011110100010110011111001001001101010001111100101010110101001101100011010011101111010100110110010111000111110011010011010110101000111101111100101101010
000000011111111000111100001111000111111110001011001100110011011001111011100011110100010110011111001001001101010001111100101010110101001101100011010011101111010100110110010111000101110011010011010110101000110101111100101101010
000000011111111000111100001111000111111110001011001100110011011001111011100011110100010110011111001001001101010001111100101010110101001101100011010011101111010100110110010111000101110011010011011110101000110101111100101101110
000000011111111000111100001111000111111110000011001100110011011001111011101011110100010110011111001100001101010001111100101010110101001101100111010011101111010100110110010011000111110011010011010110101000111101110110101101010
000000011111111000111100001111000111111110000011001100110011011001111011101011110100010110011111001100001101010001111100101010110101001101100111010001101111010100110110010011000111110011010011010110101000011101110110101101010
000000011111111000111100001111000111111110000011001100110011011001111011101011110100010110011111001100001101010001111100101010110101001101100111010001101111010100111110010011000111110011010011010110101000011101110110101111010
000000011111111000111100001111000111111110011011001100110101011001111001010011110100010110011111001001001101010001111010101010110101001101100011010101101101010100110110010111000111110101000111011111011010011100111100101101100
000000011111111000111100001111000111111110011011001100110101011001111001010011110100010110011111001001001101010001111010101010110101001101100011010101101101010100110110010111000011110101000110011111011010011101111100101101110
000000011111111000111100001111000111111110011011001100110101011001111001010011110100010110011111001001001101010001111010101010110101001101100011010101101101010100110110010111000011110101000110011111011010011100111100101101100
000000011111111000111100001111000111111110001011001100110011011001111001100011110100010110011111001001001101010001111100101010110101001101100011010011101101010100110110010111000101110011010011011110101000110101111100101101110
000000011111111000111100001111000111111110001011001100110011011001111001100011110100010110011111001001001101010001111100101010110101001101100011010011101101010100110110010111000101110011010011010110101000110101111100101101010
000000011111111000111100001111000111111110001011001100110011011001111001100011110100010110011111001001001101010001111100101010110101001101100011010011101101010100110110010111000111110011010011010110101000111101111100101101010
000000011111111000111100001111000111111110000011001100110011011001111001100011110101010001011111010100110101010101111100101011010011001101100110010111101101011100001110010011000111110010110101010110100100101101110101001111010
000000011111111000111100001111000111111110000011001100110011011001111001100011110101010101011111010101010101010101111100101011010010101101100110011011101101011100001110010110100110110011011001011110100100101101110101001110110
000000011111111000111100001111000111111110000011001100110011011001111001100011110101010101011111010101010101010101111000101011010010101101100110011011101101011100001110010110100110110011001001011110100100101101110101001110110
000000011111111000111100001111000111111110000011001100110011011001111001100011110101010101011111010101010101010101111000101011010011101101100110011011101101011100001110010111100110110011001001011110100100101101110101001110110
000000011111111000111100001111000111111110000011001100110011011001111001100011110101010101011111010101010101010101111000101011010011101101100110010011101101011100001110010111000110110011001001011110100100101101110101001110110
000000011111111000111100001111000111111110000011001100110011011001111001100011110101010101011111010101010101010101111000101011010011100101100110010011101101011100001110010111000110110011001001011110100100101101110101000110110
000000011111111000111100001111000111111110000011001100110011011001111001100011110101010101011111010101010101010101111000101011010011100101100110011011101101011100001110010111100110110011001001011110100100101101110101000110110
000000011111111000111100001111000111111110000011001100110011011001111001100011110101010101011111010101010101010101111000101011010011100101100110011011101101011100101110010111100110110011001011011110100100101101110101000110110
000000011111111000111100001111000111111110000011001100110011011001111001100011110101010101011111010101010101010101111000101011010011100101100110010011101101011100101110010111000110110011001011011110100100101101110101000110110
000000011111111000111100001111000111111110000011001100110011011001111001100011110101010101011111010101010101010101111010101011010011100101100110010011101101011100101110010111000110110011001011011110100110101101110101000110110
000000011111111000111100001111000111111110000011001100110011011001111001100011110101010101011111010101010101010101111010101011010011100101100110010011101101011100001110010111000110110011001001011110100110101101110101000110110
000000011111111000111100001111000111111110000011001100110011011001111001100011110101010101011111010101010101010101111010101011010011101101100110010011101101011100001110010111000110110011001001011110100110101101110101001110110
000000011111111000111100001111000111111110000011001100110011011001111001100011110101010101011111010101010101010101111000101011010010101101100110011010101101011100001110010110100110110011001001011110100100101101110101001010110
000000011111111000111100001111000111111110000011001100110011011001111001100011110101010101011111010101010101010101111000101011010010101101100110011010101101011100011110010110100110110011001001011110100100111101110101001010110
000000011111111000111100001111000111111110000011001100110011011001111001100011110101010101011111010101010101010101111100101011010010101101100110011010101101011100011110010110100110110011011001011110100100111101110101001010110
000000011111111000111100001111000111111110000011001100110011011001111001100011110101010101011111010101010101010101111100101011010010101101100110011010101101011100001110010110100110110011011001011110100100101101110101001010110
000000011111111000111100001111000111111110000011001100110011011001111001100011110101010101011111010101000101010101111100101011010010101101100110011010101101011100011110010110100110110011011001011110100000111101110101001010110
000000011111111000111100001111000111111110000011001100110011011001111001100011110101010101011111010101000101010101111000101011010010101101100110011010101101011100011110010110100110110011001001011110100000111101110101001010110
000000011111111000111100001111000111111110000011001100110011011001111001100011110101010101011111010101000101010101111000101011010011101101100110011010101101011100011110010111100110110011001001011110100000111101110101001010110
000000011111111000111100001111000111111110000011001100110011011001111001100011110101010101011111010101010101010101111000101011010011101101100110011010101101011100011110010111100110110011001001011110100100111101110101001010110
000000011111111000111100001111000111111110000011001100110011011001111001100011110101010101011111010101010101010101111000101011010011101101100110011010101101011100001110010111100110110011001001011110100100101101110101001010110
000000011111111000111100001111000111111110000011001100110011011001111001100011110101010001011111010100110101010101111100101011010011001101100110010110101101011100001110010011000111110010110101010110100100101101110101001011010
000000011111111000111100001111000111111110000011001100110011011001111001100011110101010001011111010100110101010101111100101011010011001101100110010110101101011100011110010011000111110010110101010110100100111101110101001011010
000000011111111000111100001111000111111110000011001100110011011001111001100011110101010001011111010100100101010101111100101011010011001101100110010110101101011100011110010011000111110010110101010110100000111101110101001011010
000000011111111000111100001111000111111110000011001100110011011001111001100011110101010101011111010101010101010101101010101011010011100101100110010011101101001100101110010111000110110011001011011110100110101101110101000110110
000000011111111000111100001111000111111110000011001100110011011001111001101011110101010001011111010100110101010101111100101011010011001101100110010111101101011100001110010011000111110010110101010110100100101101110111001111010
000000011111111000111100001111000111111110000011001100110011011001111001100011110101010101011111010101010101010101101100101011010010101101100110011010101101001100011110010110100110110011011001011110100100111101110101001010110
000000011111111000111100001111000111111110000011001100110011011001111001100011110101010101011111010101000101010101101100101011010010101101100110011010101101001100011110010110100110110011011001011110100000111101110101001010110
000000011111111000111100001111000111111110000011001100110011011001111001100011110101010001011111010100100101010101101100101011010011001101100110010110101101001100011110010011000111110010110101010110100000111101110101001011010
000000011111111000111100001111000111111110000011001100110011011001111001100011110101010001011111010100110101010101101100101011010011001101100110010110101101001100011110010011000111110010110101010110100100111101110101001011010
000000011111111000111100001111000111111110000011001100110011011001111001101011110101010001011111010100110101010101101100101011010011001101100110010110101101001100011110010011000111110010110101010110100100111101110111001011010
000000011111111000111100001111000111111110000011001100110011011001111001101011110101010001011111010100100101010101101100101011010011001101100110010110101101001100011110010011000111110010110101010110100000111101110111001011010
000000011111111000111100001111000111111110000011001100110011011001111001101011110101010001011111010100100101010101111100101011010011001101100110010110101101011100011110010011000111110010110101010110100000111101110111001011010
000000011111111000111100001111000111111110000011001100110011011001111001101011110101010001011111010100110101010101111100101011010011001101100110010110101101011100011110010011000111110010110101010110100100111101110111001011010
000000011111111000111100001111000111111110000011001100110011011001111001101011110101010001011111010100110101010101111100101011010011001101100110010110101101011100001110010011000111110010110101010110100100101101110111001011010
000000011111111000111100001111000111111110000011001100110011011001111001100011110101000101011111010011010101010101111000101011010101101101100011010011101100110101010110010111010110110011001001011110100100111101110101001100110
000000011111111000111100001111000111111110000011001100110011011001111001100011110101000101011111010011000101010101111000101011010101101101100011010011101100110101010110010111010110110011001001011110100000111101110101001100110
000000011111111000111100001111000111111110000011001100110011011001111001100011110101000101011111010011000101010101111000101011010100101101100011010011101100110101010110010110010110110011001001011110100000111101110101001100110
000000011111111000111100001111000111111110000011001100110011011001111001100011110101000101011111010011010101010101111000101011010100101101100011010011101100110101010110010110010110110011001001011110100100111101110101001100110
000000011111111000111100001111000111111110000011001100110011011001111001100011110101000101011111010011010101010101111100101011010100101101100011010011101100110101010110010110010110110011011001011110100100111101110101001100110
000000011111111000111100001111000111111110000011001100110011011001111001100011110101000101011111010011000101010101111100101011010100101101100011010011101100110101010110010110010110110011011001011110100000111101110101001100110
000000011111111000111100001111000111111110000011001100110011011001111001100011110101010101011111010101000101010101101100101011010110101101100111011010101101001100011110010110100110110011011001011110100000111101110101001010110
000000011111111000111100001111000111111110000011001100110011011001111001100011110101010101011111010101010101010101101100101011010110101101100111011010101101001100011110010110100110110011011001011110100100111101110101001010110
000000011111111000111100001111000111111110000011001100110011011001111001100011110101010101011111010101010101010101101010101011010111100101100111010011101101001100101110010111000110110011001011011110100110101101110101000110110
000000011111111000111100001111000111111110000011001100110011011001111001100011110101010101011111010001010101010101101010101011010111100101100011010011101101001100101110010111000110110011001011011110100110101101110101000110110
000000011111111000111100001111000111111110000011001100110011011001111001100011110101010001011111010100110101010101101100101011010111001101100111010110101101001100011110010011000111110010110101010110100100111101110101001011010
000000011111111000111100001111000111111110000011001100110011011001111001100011110101010001011111010100100101010101101100101011010111001101100111010110101101001100011110010011000111110010110101010110100000111101110101001011010
000000011111111000111100001111000111111110000011001100110011011001111001101011110101010001011111010100100101010101101100101011010111001101100111010110101101001100011110010011000111110010110101010110100000111101110111001011010
000000011111111000111100001111000111111110000011001100110011011001111001101011110101010001011111010100110101010101101100101011010111001101100111010110101101001100011110010011000111110010110101010110100100111101110111001011010
000000011111111000111100001111000111111110000011001100110011011001111001100011110001010101011110010101010101010101111010101011010011100101100110010011101101011100101110010111000110110011001011011110100110101101110101000110110
000000011111111000111100001111000111111110000011001100110011011001111001100011110001010101011110010101010101010101111010101011010011100101100110010011101101011100001110010111000110110011001001011110100110101101110101000110110
000000011111111000111100001111000111111110000011001100110011011001111001100011110001010101011110010101010101010101111000101011010011100101100110010011101101011100001110010111000110110011001001011110100100101101110101000110110
000000011111111000111100001111000111111110000011001100110011011001111001100011110001010101011110010101010101010101111000101011010011100101100110010011101101011100101110010111000110110011001011011110100100101101110101000110110
000000011111111000111100001111000111111110000011001100110011011001111001100011110001010101011110010101010101010101111000101011010011100101100110011011101101011100101110010111100110110011001011011110100100101101110101000110110
000000011111111000111100001111000111111110000011001100110011011001111001100011110001010101011110010101010101010101111000101011010011100101100110011011101101011100001110010111100110110011001001011110100100101101110101000110110
000000011111111000111100001111000111111110000011001100110011011001111001100011110001010101011110010101010101010101111000101011010011101101100110011011101101011100001110010111100110110011001001011110100100101101110101001110110
000000011111111000111100001111000111111110000011001100110011011001111001100011110001010101011110010101010101010101111000101011010011101101100110010011101101011100001110010111000110110011001001011110100100101101110101001110110
000000011111111000111100001111000111111110000011001100110011011001111001100011110001010101011110010101010101010101111010101011010011101101100110010011101101011100001110010111000110110011001001011110100110101101110101001110110
000000011111111000111100001111000111111110000011001100110011011001111001100011110001010101011110010101010101010101111000101011010010101101100110011011101101011100001110010110100110110011001001011110100100101101110101001110110
000000011111111000111100001111000111111110000011001100110011011001111001100011110001010101011110010101010101010101111100101011010010101101100110011011101101011100001110010110100110110011011001011110100100101101110101001110110
000000011111111000111100001111000111111110000011001100110011011001111001100011110001010101011110010101010101010101111100101011010010101101100110011010101101011100001110010110100110110011011001011110100100101101110101001010110
000000011111111000111100001111000111111110000011001100110011011001111001100011110001010101011110010101010101010101111000101011010010101101100110011010101101011100001110010110100110110011001001011110100100101101110101001010110
000000011111111000111100001111000111111110000011001100110011011001111001100011110001010101011110010101010101010101111000101011010010101101100110011010101101011100011110010110100110110011001001011110100100111101110101001010110
000000011111111000111100001111000111111110000011001100110011011001111001100011110001010101011110010101010101010101111100101011010010101101100110011010101101011100011110010110100110110011011001011110100100111101110101001010110
000000011111111000111100001111000111111110000011001100110011011001111001100011110001010101011110010101010101010101111000101011010011101101100110011010101101011100011110010111100110110011001001011110100100111101110101001010110
000000011111111000111100001111000111111110000011001100110011011001111001100011110001010101011110010101010101010101111000101011010011101101100110011010101101011100001110010111100110110011001001011110100100101101110101001010110
000000011111111000111100001111000111111110000011001100110011011001111001100011110001010101011110010101010101010101101100101011010010101101100110011010101101001100011110010110100110110011011001011110100100111101110101001010110
000000011111111000111100001111000111111110000011001100110011011001111001100011110001010101011110010101010101010101101010101011010011100101100110010011101101001100101110010111000110110011001011011110100110101101110101000110110
000000011111111000111100001111000111111110000011001100110011011001111001100011110001010101011110010101010101010101101010101011010111100101100111010011101101001100101110010111000110110011001011011110100110101101110101000110110
000000011111111000111100001111000111111110000011001100110011011001111001100011110001010101011110010101010101010101101100101011010110101101100111011010101101001100011110010110100110110011011001011110100100111101110101001010110
000000011111111000111100001111000111111110000011001100110011011001111001100011110001010101011110010101010101010101101100101011010110101101100111011010101101001100011110010110100110110011011001001110100100111001110101001010110
000000011111111000111100001111000111111110000011001100110011011001111001100011110001010101011110010101010101010101101010101011010111100101100111010011101101001100101110010111000110110011001011001110100110101001110101000110110
000000011111111000111100001111000111111110000011001100110011011001111001100011110001010101011110010101010101010101101010101011010111100101100111010011101101001100101110010111000111110011001011001110100110101001110101000111110
000000011111111000111100001111000111111110000011001100110011011001111001100011110001010101011110010101010101010101101010101011010110100101100111010011101101001100101110010110000111110011001011001110100110101001110101000111110
000000011111111000111100001111000111111110000011001100110011011001111001100011110001010101011110010101010101010101101110101011010110100101100111010011101101001100101110010110000111110011011011001110100110101001110101000111110
000000011111111000111100001111000111111110000011001100110011011001111001100011110001010101011110010101010101010101101110101011010110100101100111010010101101001100101110010110000111110011011011001110100110101001110101000011110
000000011111111000111100001111000111111110000011001100110011011001111001100011110001010101011110010101010101010101101010101011010110100101100111010010101101001100101110010110000111110011001011001110100110101001110101000011110
000000011111111000111100001111000111111110000011001100110011011001111001100011110001010101011110010101010101010101101010101011010110100101100111010010101101001100111110010110000111110011001011001110100110111001110101000011110
000000011111111000111100001111000111111110000011001100110011011001111001100011110001010101011110010101010101010101101110101011010110100101100111010010101101001100111110010110000111110011011011001110100110111001110101000011110
000000011111111000111100001111000111111110000011001100110011011001111001100011110001010101011110010101010101010101101110101011010110100101100111010010101101001100011110010110000111110011011001001110100110111001110101000011110
000000011111111000111100001111000111111110000011001100110011011001111001100011110001010101011110010101010101010101101010101011010111100101100111010010101101001100111110010111000111110011001011001110100110111001110101000011110
000000011111111000111100001111000111111110000011001100110011011001111001100011110001010101011110010101010101010101101010101011010111100101100111010010101101001100101110010111000111110011001011001110100110101001110101000011110
000000011111111000111100001111000111111110000011001100110011011001111001100011110001010101011110010101010101010101101110101011010110101101100111010010101101001100011110010110000111110011011001001110100110111001110101001011110
000000011111111000111100001111000111111110000011001100110011011001111001100011110001010101011110010101010101010101101010101011010011100101100110010011101101001100101110010111000111110011001011001110100110101001110101000111110
000000011111111000111100001111000111111110000011001100110011011001111001100011110001010101011110010101010101010101111010101011010011100101100110010011101101011100101110010111000111110011001011001110100110101001110101000111110
000000011111111000111100001111000111111110000011001100110011011001111001100011110001010101011110010101010101010101111010101011010011100101100110010011101101011100101110010111000110110011001011001110100110101001110101000110110
000000011111111000111100001111000111111110000011001100110011011001111001100011110001010101011110010101010101010101111100101011010010101101100110011010101101011100011110010110100110110011011001001110100100111001110101001010110
000000011111111000111100001111000111111110000011001100110011011001111001100011110001010101011110010101010101010101101100101011010010101101100110011010101101001100011110010110100110110011011001001110100100111001110101001010110
000000011111111000111100001111000111111110000011001100110011011001111001100011110001010101011110010101010101010101101010101011010011100101100110010011101101001100101110010111000110110011001011001110100110101001110101000110110
000000011111111000111100001111000111111110000011001100110011011001111001100011110101010101011111010101010101010101101010101011010011100101100110010011101101001100101110010111000110110011001011001110100110101001110101000110110
000000011111111000111100001111000111111110000011001100110011011001111001100011110101010101011111010101010101010101101100101011010010101101100110011010101101001100011110010110100110110011011001001110100100111001110101001010110
000000011111111000111100001111000111111110000011001100110011011001111001100011110101010101011111010101010101010101111100101011010010101101100110011010101101011100011110010110100110110011011001001110100100111001110101001010110
000000011111111000111100001111000111111110000011001100110011011001111001100011110101010101011111010101010101010101111010101011010011100101100110010011101101011100101110010111000110110011001011001110100110101001110101000110110
000000011111111000111100001111000111111110000011001100110011011001111001100011110101010101011111010101010101010101111010101011010011100101100110010011101101011100101110010111000111110011001011001110100110101001110101000111110
000000011111111000111100001111000111111110000011001100110011011001111001100011110101010101011111010100010101010101111010101011010011100101100110010011101101011100101110010011000111110011001011001110100110101001110101000111110
000000011111111000111100001111000111111110000011001100110011011001111001100011110101010101011111010101010101010101111100101011010010101101100110011010101101011100011110010110100111110011011001001110100100111001110101001011110
000000011111111000111100001111000111111110000011001100110011011001111001100011110101010101011111010101010101010101101100101011010010101101100110011010101101001100011110010110100111110011011001001110100100111001110101001011110
000000011111111000111100001111000111111110000011001100110011011001111001100011110101010101011111010101010101010101101010101011010011100101100110010011101101001100101110010111000111110011001011001110100110101001110101000111110
000000011111111000111100001111000111111110000011001100110011011001111001100011110101010101011111010100010101010101101010101011010011100101100110010011101101001100101110010011000111110011001011001110100110101001110101000111110
000000011111111000111100001111000111111110000011001100110011011001111001100011110101010101011111010100010101010101101010101011010111100101100111010011101101001100101110010011000111110011001011001110100110101001110101000111110
000000011111111000111100001111000111111110000011001100110011011001111001100011110101010101011111010101010101010101101010101011010111100101100111010011101101001100101110010111000111110011001011001110100110101001110101000111110
000000011111111000111100001111000111111110000011001100110011011001111001100011110101010101011111010001010101010101101010101011010111100101100011010011101101001100101110010111000111110011001011001110100110101001110101000111110
000000011111111000111100001111000111111110000011001100110011011001111001100011110101010101011111010001010101010101101010101011010110100101100011010011101101001100101110010110000111110011001011001110100110101001110101000111110
000000011111111000111100001111000111111110000011001100110011011001111001100011110101010101011111010101010101010101101010101011010110100101100111010011101101001100101110010110000111110011001011001110100110101001110101000111110
000000011111111000111100001111000111111110000011001100110011011001111001100011110101010101011111010101010101010101101110101011010110100101100111010011101101001100101110010110000111110011011011001110100110101001110101000111110
000000011111111000111100001111000111111110000011001100110011011001111001100011110101010101011111010001010101010101101110101011010110100101100011010011101101001100101110010110000111110011011011001110100110101001110101000111110
000000011111111000111100001111000111111110000011001100110011011001111001100011110101010101011111010101010101010101101110101011010110100101100111010010101101001100101110010110000111110011011011001110100110101001110101000011110
000000011111111000111100001111000111111110000011001100110011011001111001100011110101010101011111010101010101010101101010101011010110100101100111010010101101001100101110010110000111110011001011001110100110101001110101000011110
000000011111111000111100001111000111111110000011001100110011011001111001100011110101010101011111010101010101010101101010101011010110100101100111010010101101001100111110010110000111110011001011001110100110111001110101000011110
000000011111111000111100001111000111111110000011001100110011011001111001100011110101010101011111010101010101010101101110101011010110100101100111010010101101001100111110010110000111110011011011001110100110111001110101000011110
000000011111111000111100001111000111111110000011001100110011011001111001100011110101010101011111010101010101010101101110101011010110100101100111010010101101001100011110010110000111110011011001001110100110111001110101000011110
000000011111111000111100001111000111111110000011001100110011011001111001100011110101010101011111010101010101010101101010101011010111100101100111010010101101001100111110010111000111110011001011001110100110111001110101000011110
000000011111111000111100001111000111111110000011001100110011011001111001100011110101010101011111010100010101010101101010101011010111100101100111010010101101001100111110010011000111110011001011001110100110111001110101000011110
000000011111111000111100001111000111111110000011001100110011011001111001100011110101010101011111010100010101010101101010101011010111100101100111010010101101001100101110010011000111110011001011001110100110101001110101000011110
000000011111111000111100001111000111111110000011001100110011011001111001100011110101010101011111010101010101010101101010101011010111100101100111010010101101001100101110010111000111110011001011001110100110101001110101000011110
000000011111111000111100001111000111111110000011001100110011011001111001100011110101010101011111010101010101010101101110101011010110101101100111010010101101001100011110010110000111110011011001001110100110111001110101001011110
000000011111111000111100001111000111111110000011001100110011011001111001100011110101010101011111010101010101010101101100101011010110101101100111011010101101001100011110010110100110110011011001001110100100111001110101001010110
000000011111111000111100001111000111111110000011001100110011011001111001100011110101010101011111010101010101010101101010101011010111100101100111010011101101001100101110010111000110110011001011001110100110101001110101000110110
000000011111111000111100001111000111111110000011001100110011011001111001100011110101010101011111010001010101010101101010101011010111100101100011010011101101001100101110010111000110110011001011001110100110101001110101000110110
000000011111111000111100001111000111111110000011001100110011011001111001100011110101000101011111010011010101010101111100101011010100101101100011010011101100110101010110010110010110110011011001001110100100111001110101001100110
000000011111111000111100001111000111111110000011001100110011011001111011100011110100010101011111001101010101010001111100101010110101010101100111010010101111010100111110010111000111110011010011001110100101111001110101000011110
000000011111111000111100001111000111111110000011001100110011011001111011100011110100010101011111001100010101010001111100101010110101010101100111010010101111010100111110010011000111110011010011001110100101111001110101000011110
000000011111111000111100001111000111111110000011001100110011011001111001101011110101010110011111010100001101010101101001101011010111100101100111010011101101001100110110010011000111110011001011010110101000111101110110110101010
000000011111111000111100001111000111111110000011001100110011011001111001101011110101010110011111010100001101010101101001101011010111100101100111010001101101001100110110010011000111110011001011010110101000011101110110110101010
000000011111111000111100001111000111111110000011001100110011011001111001101011110101010110011111010100001101010101101001101011010111100101100111010001101101001100111110010011000111110011001011010110101000011101110110110111010
000000011111111000111100001111000111111110000011001100110011011001111001101011110101010110011111010100001101010101101001101011010011100101100110010011101101001100110110010011000111110011001011010110101000111101110110110101010
000000011111111000111100001111000111111110000011001100110011011001111001101011110101010110011111010100001101010101111001101011010011100101100110010011101101011100110110010011000111110011001011010110101000111101110110110101010
000000011111111000111100001111000111111110000011001100110011011001111001101011110100010110011111001100001101010001111100101010110101001101100111010011101101010100110110010011000111110011010011010110101000111101110110101101010
000000011111111000111100001111000111111110000011001100110011011001111001101011110100010110011111001100001101010001111100101010110101001101100111010001101101010100110110010011000111110011010011010110101000011101110110101101010
000000011111111000111100001111000111111110000011001100110011011001111001101011110100010110011111001100001101010001111100101010110101001101100111010001101101010100111110010011000111110011010011010110101000011101110110101111010
000000011111111000111100001111000111111110000011001100110011011001111001101011110101010100011111010100001101010101101001101011010111100101100111010011101101001100110110010011000111110011001011010110100000111101110110110101010
000000011111111000111100001111000111111110000011001100110011011001111001100011110101010100011111010100001101010101101001101011010111100101100111010011101101001100110110010011000111110011001011010110100000111101110100110101010
000000011111111000111100001111000111111110000011001100110011011001111001100011110101010100011111010100001101010101101001101011010011100101100110010011101101001100110110010011000111110011001011010110100000111101110100110101010
000000011111111000111100001111000111111110000011001100110011011001111001100011110101010100011111010100001101010101111001101011010011100101100110010011101101011100110110010011000111110011001011010110100000111101110100110101010
000000011111111000111100001111000111111110000011001100110011011001111001101011110101010100011111010100001101010101111001101011010011100101100110010011101101011100110110010011000111110011001011010110100000111101110110110101010
000000011111111000111100001111000111111110000011001100110011011001111001101011110101010100011111010100001101010101101001101011010011100101100110010011101101001100110110010011000111110011001011010110100000111101110110110101010
000000011111111000111100001111000111111110000011001100110011011001111001100011110101010100011111010101001101010101101001101011010011100101100110010011101101001100110110010111000111110011001011010110100000111101110100110101010
000000011111111000111100001111000111111110000011001100110011011001111001100011110101010100011111010101001101010101111001101011010011100101100110010011101101011100110110010111000111110011001011010110100000111101110100110101010
000000011111111000111100001111000111111110000011001100110011011001111001100011110101010100011111010101001101010101101001101011010111100101100111010011101101001100110110010111000111110011001011010110100000111101110100110101010
000000011111111000111100001111000111111110000011001100110011011001111001100011110101010100011111010001001101010101101001101011010111100101100011010011101101001100110110010111000111110011001011010110100000111101110100110101010
000000011111111000111100001111000111111110000011001100110011011001111001100011110101010100011111010001001101010101101001101011010110100101100011010011101101001100110110010110000111110011001011010110100000111101110100110101010
000000011111111000111100001111000111111110000011001100110011011001111001100011110101010100011111010001001101010101101101101011010110100101100011010011101101001100110110010110000111110011011011010110100000111101110100110101010
000000011111111000111100001111000111111110000011001100110011011001111001100011110101010100011111010101001101010101101101101011010110100101100111010011101101001100110110010110000111110011011011010110100000111101110100110101010
000000011111111000111100001111000111111110000011001100110011011001111001100011110101010100011111010101001101010101101001101011010110100101100111010011101101001100110110010110000111110011001011010110100000111101110100110101010
000000011111111000111100001111000111111110000011001100110111011001111001001011110101010001011111010101010101010101101011101011010110001101100111010110101101001100101110010110000111110100000111011110100110101100110111011011100
000000011111111000111100001111000111111110000011001100110111011001111001001011110101010001011111010101010101010101101010101011010110001101100111010110101101001100101110010110000111110100000111011110100110101100110111001011100
000000011111111000111100001111000111111110000011001100110111011001111001001011110101010001011111010101010101010101101010101011010111001101100111010110101101001100101110010111000111110100000111011110100110101100110111001011100
000000011111111000111100001111000111111110000011001100110111011001111001001011110101010001011111010101010101010101101010101011010011001101100110010110101101001100101110010111000111110100000111011110100110101100110111001011100
000000011111111000111100001111000111111110000011001100110111011001111001001011110101010001011111010101010101010101111010101011010011001101100110010110101101011100101110010111000111110100000111011110100110101100110111001011100
000000011111111000111100001111000111111110000011001100110111011001111001001011110101010001011111010100010101010101111010101011010011001101100110010110101101011100101110010011000111110100000111011110100110101100110111001011100
000000011111111000111100001111000111111110000011001100110111011001111001001011110101010001011111010100010101010101101010101011010011001101100110010110101101001100101110010011000111110100000111011110100110101100110111001011100
000000011111111000111100001111000111111110000011001100110111011001111001011011110101010001011111010100010101010101101010101011010011001101100110010110101101001100101110010011000111110100000111011110110110101100110111001011100
000000011111111000111100001111000111111110000011001100110111011001111001011011110101010001011111010100010101010101111010101011010011001101100110010110101101011100101110010011000111110100000111011110110110101100110111001011100
000000011111111000111100001111000111111110000011001100110111011001111001011011110101010001011111010100010101010101101010101011010111001101100111010110101101001100101110010011000111110100000111011110110110101100110111001011100
000000011111111000111100001111000111111110000011001100110111011001111001001011110101010001011111010100010101010101101010101011010111001101100111010110101101001100101110010011000111110100000111011110100110101100110111001011100
000000011111111000111100001111000111111110001011001100110011011001111001100011110101000101011111010011000101010101111100101011010100101101100011010011101100110101010110010110010110110011011001011110100000111101111101001100110
000000011111111000111100001111000111111110001011001100110011011001111001100011110101000101011111010011010101010101111100101011010100101101100011010011101100110101010110010110010110110011011001011110100100111101111101001100110
000000011111111000111100001111000111111110001011001100110011011001111001100011110101000101011111010011010101010101111100101011010100101101100011010011101100110101010110010110010110110011011001001110100100111001111101001100110
000000011111111000111100001111000111111110001011001100110011011001111001100011110101000101011111010011010101010101111100101011010100101101100011010011101100110101010110010110010111110011011001001110100100111001111101001101110
000000011111111000111100001111000111111110001011001100110011011001111001100011110101000101011111010011010101010101111000101011010100101101100011010011101100110101010110010110010110110011001001011110100100111101111101001100110
000000011111111000111100001111000111111110001011001100110011011001111001100011110101000101011111010011010101010101111000101011010101101101100011010011101100110101010110010111010110110011001001011110100100111101111101001100110
000000011111111000111100001111000111111110001011001100110011011001111001100011110101000101011111010011000101010101111000101011010101101101100011010011101100110101010110010111010110110011001001011110100000111101111101001100110
000000011111111000111100001111000111111110001011001100110011011001111001100011110101000101011111010011000101010101111000101011010100101101100011010011101100110101010110010110010110110011001001011110100000111101111101001100110
000000011111111000111100001111000111111110001011001100110111011001111001010011110101001001011111010010010101010101111010101011010101001101100011010101101100110100110110011011000111110100000111011110110110011100111101001101100
000000011111111000111100001111000111111110001011001100110111011001111001010011110101001001011111010010010101010101110010101011010101001101100011010101101100110100110110011001000111110100000111011110110110011100111101001101100
000000011111111000111100001111000111111110001011001100110111011001111001010011110101001001011111010010010101010101110010101011010101011101100011010101101100110100110110011001000111110100000111011110110111011100111101001101100
000000011111111000111100001111000111111110001011001100110110011001111001001011110100010011011111001101100101010001111001101010110101100101100111010110101101010100011110010111000101110100101101011110101000110101111011010011110
000000011111111000111100001111000111111110001011001100110110011001111001001011110100010011011111001101100101010001111001101010110101100101100111010110101101010100011110010111000101110100101101010110101000110101111011010011010
000000011111111000111100001111000111111110001011001100110110011001111001001011110100010011011111001101100101010001111001101010110101100101100111010110101101010100011110010111000111110100101101010110101000111101111011010011010
000000011111111000111100001111000111111110001011001100110110011001111001001011110100010011011111001101100101010001111001101010110101100101100111010100101101010100011110010111000111110100101101010110101000011101111011010011010
000000011111111000111100001111000111111110001011001100110110011001111001001011110100010011011111001101100101010001111001101010110101100101100111010100101101010100111110010111000111110100101111010110101000011101111011010011010
000000011111111000111100001111000111111110001011001100110110011001111001001011110100010011011111001001100101010001111001101010110101100101100011010110101101010100011110010111000111110100101101010110101000111101111011010011010
000000011111111000111100001111000111111110001011001100110110011001111001001011110100010011011111001001100101010001111001101010110101100101100011010110101101010100011110010111000101110100101101010110101000110101111011010011010
000000011111111000111100001111000111111110001011001100110110011001111001001011110100010011011111001001100101010001111001101010110101100101100011010110101101010100011110010111000101110100101101011110101000110101111011010011110
000000011111111000111100001111000111111110001011001100110110011001111001011011110100010101011111001100010101010001111001101010110101010101100111010110101101010100101110010011000111110101000111011110110101101100111011010011100
000000011111111000111100001111000111111110001011001100110110011001111001011011110100010101011111001100010101010001111001101010110101010101100111010010101101010100101110010011000111110101000011011110110101101100111011010011100
000000011111111000111100001111000111111110001011001100110110011001111001011011110100010101011111001100010101010001111001101010110101010101100111010010101101010100111110010011000111110101000011011110110101111100111011010011100
000000011111111000111100001111000111111110001011001100110110011001111001001011110100010011011111001100100101010001111001101010110101100101100111010100101101010100111110010011000111110100101111010110101000011101111011010011010
000000011111111000111100001111000111111110001011001100110110011001111001001011110100010011011111001100100101010001111001101010110101100101100111010100101101010100011110010011000111110100101101010110101000011101111011010011010
000000011111111000111100001111000111111110001011001100110110011001111001001011110100010011011111001100100101010001111001101010110101100101100111010110101101010100011110010011000111110100101101010110101000111101111011010011010
000000011111111000111100001111000111111110001011001100110011011001111001100011110101010110011111010001001101010101101101101011010110100101100011010011101101001100110110010110000111110011011011010110101000111101111100110101010
000000011111111000111100001111000111111110001011001100110011011001111001100011110101010110011111010001001101010101101001101011010110100101100011010011101101001100110110010110000111110011001011010110101000111101111100110101010
000000011111111000111100001111000111111110001011001100110011011001111001100011110101010110011111010001001101010101101001101011010111100101100011010011101101001100110110010111000111110011001011010110101000111101111100110101010
000000011111111000111100001111000111111110001011001100110011011001111001100011110101010110011111010001001101010101101001101011010111100101100011010011101101001100110110010111000101110011001011010110101000110101111100110101010
000000011111111000111100001111000111111110001011001100110011011001111001100011110101010110011111010001001101010101101001101011010111100101100011010011101101001100110110010111000101110011001011011110101000110101111100110101110
000000011111111000111100001111000111111110001011001100110011011001111001100011110101010100011111010001001101010101101001101011010111100101100011010011101101001100110110010111000111110011001011010110100000111101111100110101010
000000011111111000111100001111000111111110001011001100110011011001111001100011110101010100011111010001001101010101101001101011010110100101100011010011101101001100110110010110000111110011001011010110100000111101111100110101010
000000011111111000111100001111000111111110001011001100110011011001111001100011110101010100011111010001001101010101101101101011010110100101100011010011101101001100110110010110000111110011011011010110100000111101111100110101010
000000011111111000111100011111000111111100011011001100101111011001111011100011110101100100011111010010001101010101011101101011010100111101101001001110110010110001011110110010110110110111011101000111100001111001111100111010010
000000011111111000111100011111000111111100011011001101100111011001111111000011110100101100011111010010001101010101010011101110010110110101111001011100110010111101001110011000110111110101001101010111100011001101111100110011010
000000011111111000111100011111000111111100011011001100101111011001111011100011110101010001011111010100100101010101100111101011010011101101100110001110110011001001011110110001110110110110111101000111100010111001111101011010010
000000011111111000111100011111000111111100011011001101111100011001110001111011110100110001011111011000100101010101001110101100110100111101101001011101110101000101011110110010110110110110111101000111010011011001111011001110010