0001010101111000001010111101000111111000111010011110101001100111110001101110010100110111100010101110111100101100011110110101001100110010011111010011000111110000011110111011011001110101101110011110
0001111000011100100101110011010000111011011000110101110110010010111011110100010101111010100010111101110100011101011010100110110101110110101000111011110100101101110010101100111011010011111111100000
0010101010111000010101011101100110101100110110010111001110100011010111010100111010111010110111100001011110110100101101110010100111101100010111000110100111110010010110111011110010110101111100011110
0010111100101000011110100101100100010111100110000011110111000110101011110010110001111100110110110010100110010111010110100110110011000110111110111010110010011101110100011010110111100101011101110110
0011111100000000000000111111100111101110001010110111010010110011101010101100110101011010110100101110011110000111011110000111100111010010110101101010110011010101011100110100101110110101000111011110
0010101010110100100101011011110000111110000000111111011010010111100101010110110100111011110010001101111100010101101110100011100111010100111011100000110111100110011110110101011011110111001111001110
0011010101101000101010111001110000011010111000011101110101000110111110100110110101100101110011010110110100001111011010100011111101111000001111111001100100000111111010111010110111010101110011110110
0011001100101100101100100111110000011001111000111001101101010110010111010110001110111001100101110110100010111101011001010111010001111110110010010111110010011010111100101111110000110011111111100000
0011011000101100101001110101110000001110111000111001110101010111010101100110110100111001110100111001001110110110011000010111110111110110100010110010110110010110111010111010011110110111111100100110
0011010101010100101010101011110001100001111000110101111001010010111110101100111011000110110111001010010110111011010011110111011001101110011101011101100111101111001110010111101101100111100001111110
0011100101010100100110101011110000011001111000110101101110010010111101010100110110110100110011110110110100010111011010100011111001111100110001011110110010101010111100100111010110110011111111100000
0100010101011110000010101111000111111110000010111001101100110001111011101100110101100111010010110110101100110101011010110011101011110100001101111010100011110001111000111101110011110011011011011100
0100110100011110000010011111000110111100110010011110101110100101110110100110011011010111000101101110111110011000001111000111110110101110110101010111110110110011001110111111101010110011110110110100
0100101110110010001001110011000101110110100010011011010111000100001111001110000011111011000111110011100010111010110100110101010111001110001110101111000110100111101010010110110101100101011100110110
0100011100101110011011000101000111101101100110100111010101110001101110101000110111101110010011001111011100111000001110110110110011011110110110001101110111011111000110111010111010110111010010111110
0101010100101110001011010101000111101011011010110000111101110010011110101100111001100110110111100011000110110011001001110111110100101110111110111010110011011111001100111001110111110011110001111100
0101100000111110000111000111000111111100011010110010110110110010011011011100111010100110110101110001100110110110001101010111110010101110111110011110110110110100111110011100110111100111111000110110
0101111000010110100110101100010001011110101000110011011110010011010111111100101000111100110100110100101010011111011101000110110011100110101101100011110101110110110010100011110111010010011111111000
0101111000010110110011001100010000111110101100100100111110010101010111100010101101111110010010110101111000011011001001100111110010110110101101110011110001110111101000100011110111010010011111111000
0110011100001110010110101010100011010101010100110010111000110100011101111110000000111100000111101110100010110111010100110111100010101110110101011010110101001110011110101101011110010010101111011000
0110011001100110010101010101100100101010110110000110011100000111111110110010001111011010100101101101011010010111001111000011111100111100110010101110110010010111011100100011101110110011110111100000
0110011001100110010100110011100100110011010110000110011100000111111110110010100101111010110001110100111000101111010110010110111100111010101010101011110100001111110010100101110111010011110111100000
0111010100100110000001111011100111100011001010110100011100110011100111101100100111010010110011110111011000101011010010110101110100011010111111100111010010001111101100100101100111110011011111110000
0111001101010010001111001100100110101100101010010111000101100110101010010110011010011110100001011011010100001101001111000110111011001010011101001101100111110000110110110010101011110100010101111110
0111100001110010010101011110100010101111011100010110110110100011110110010100011101110010100110111101011110101010001111110100011110110010101111110011010011111111100000110100111101110100110110111110
0111100010111010010011101011100011101011011100100101110110110100010111001010110110110110010110011101010110011110111000100011110001110100111111110101110001101110111100101100111111010001111110111000
0111100010111010011010101011100001111011011100100101110111010100010111001010110110110110010110011100110110011110111000100011110001110100111111110101110001101110111100101100111111010001111110111000
0110000111100110100101000111110000101001110000111101110100010110111011010110010101110011100010111111010100011101101010100110111001110110101010011011110100011101110010100110111011010011111111100000
0111100011100010101100100110110100011010101010001101100111000110110100010010110001110001110101010100110110001011111010000111101001101010110110110001110011010011101100110110010110110100010111011110
0111110001100010101100110101110101001011101010001011101111000111010110111010110010010001110111001100001110101111011100110001111101101000111110110101010111011010011110110011101111110001010111111100
0111110001100010110000011111110011001101101100011100101110100110110011101110011001010001100111101100010110111101001011110011101110101100110111010011110110011001011110110111101010110101011111010110
0111110010101010111010010101110001101111001100101100110111010101001110101010011001110111000101101100011110001111101001000111110110001010111110111011110010011111011100011000111111100101010111110110
0111011000011110111100110001110110101010101110100101101001110001011101110000111011011010010111011000011110111100011001110110110101101110011100111101100111100011110110111011001011110111001100111110
