0000011111110000011110101011000111010101110110100110110101110010011110111000110011111100110011111010110100111101110100110101111010101110101111011111010001101111111000100110111011010101110101111010
0001010101101100001010110111000111111011001010100101111001110000111101101000111010110110010110011110110110001110011011100011011101100000111110111101110001011110111100101101011101010111001110111010
0010001111110100010101111110100011011010110100111001101100110111000111011110001101011001100011111111101000011111111001100011111101011100110111110011110010110011111100100111101110110010111111110000
0010101110101100010111011011100001111101010100101111011010010100101111011010000111111111000101110111110010101110101110010101110111011010011111001111000111001111111110001101110111100011101110111000
0010101011010100010101110011100111100011010110110100101110110001011101011100101010111010010010111101011000011111110001100101111100100110011100111111000110101010111110100101011111110011111111110000
0010110101011100011010101111100101001110110110001101110111000001111111101000111011110101010111011110011110111100011011110110101011101110001101111101100101110111110010101110111011010011111110011000
0010111100110100011110101011100100100111110110010001111111000111100110110110110100111110110011010110001100111111010010110111110011011110011111110001100111101110111110000111110111100011110111111000
0011000110111100011110110011100011010111011100010011111001100110001111011110010100110100100111111110100110110111110100110110110111011110110010111010110101101110110110101101111110010011101111101000
0010111110101000111001110101110001011011010100111011001111010010010111101100101110011001110001111011100000111110111101010100110101111110110010100111010111011010110110111001101110110101111100101110
0100001010111110000001011111000111111010100010110111100100110110110101001110110101101010110010011101110100011011101110100010110101110100011111110001100011110011100100111110011111110011011011111100
0100001100111110000000111111000111111010010010111101011000110110111010001110011101011011100100111010110110001101011011000110110101110010011111101011100011110101110100111101101011110011100101111100
0100101011101110000101011111000110011101110010011010111110100111110011010110110011111001110111110001101110111100101110110011011110101100111011010111110001011101111100101111110001010111111100101010
0100101011011110000101101111000111001110110010111101100110110010001111011100010101111001100111110101010110111101111000110110111011011110011001111011100110110011110110101110110011110011111111100000
0100101011010110000101110011000111100110110010110110110110110010101101011100010110111010100001111101010100101111110110010001111110011000011100111111000110100110111110100110011111110011111111110000
0100011111010110011001110011000111110010110110111000110101110010100111101100010111011011100010111011100100011011110010100111101100010110111000110111110110100111101110010110101111100111111101000110
0100111010110110010101110101000110111101100110010101111010100110111010110110001011101010100011110101110000111011111011110000110111101100110110011111010011111101100100110011110110110111000011111110
0100011111100010100111100110010110011011100010110101110100110010111011110100001111111100100101111111110010110101111011010100111001111110100110111110010110011101110010110110111010110100011111110110
0101001001111110100101011101010011011010111000111010111000110100110111011110110000111001010111101101100110111110001110110111011100101110011111110011100101110110011110101011111101010011101110111000
0101101110010110110001011101010011010111101100001011011110100100111011001010111011101001010110111011100110001101100111100010110111100000111101101111110001111101110100100011111011010111011001111010
0110001110011110000110110111100010011111100000111100111100110101011011010110001111011101000111101110111010110011111001110111000110111110100100111110110110111101001010111111101100110011011111010100
0110000111110010010101011110100010101111010100011011101100100111010111010110110010110011110010011111001100101111101100110011111111100000111111110101110001111010111100100101111111010000111111111000
0110000111110010010101011110100010101111010100011101011100100110111011010110111010100011110110010111010110111001101011110101101111100110001111101101000111111100101010110101110011110100111011011110
0110011111000010010101111010100010111101010100111010101100110110010111110110011001111011100101101111100110001111111101000111011110101010111001010011110111001011011110110101111101110000111111101100
0110110010101110011100010111100001111011010100101101110111010001100111111000010110110011000111110100111110001111101010100111110101011010111110110111110010011110111100101100110111110011111111110000
0110101101010110010110101011100110011100110110010110110110100101011110010110001111101100000111111110111010001111011101100101111010111010011101011111000111100111111110000110111111100011110011111000
0110110010111010010011011101100110101010110110010101011110100110110011100110011101100110100111100101010110111100101011110111000101111110001111100011100111110101011010111011110001110101111010011110
0110110010111010010011011101100111000110110110001110011110100110110011101010011111000101100111001101010110111100100111110101100110111110100111100101010111110101011010111011101010110101111010011110
0110101110101010010111010101100111001110100110110011010110110010111001011100011101101100100110110111000110011110101111100001110111110100101110101011010111010101111010111010010111110101011010111110
0110101110010110010111010011100111100011010110110100111010110001101110011100100111101110010001110111011000101011100010010111110100011010111100111111110001101111101100100101110111010111100011111010
0110101101010110011010101101100100110110110110001011101111000100011111000010011111111111000110011010100110101111010101110101111011110010011101111101000111110011111110000011111111100011111101111000
0110110011110010011001110011100101101101010110001111101011000010011111101000011011110011100001111101010100101111111101010110011111101010011010011111100110101011110110010101111101100101101111100110
0110110011110010011010111010100101011101010110001111001111000001011111101000101011110101010010111100111000011111111101100110011111100110011011001111100110101011110110010101111101100100111111100110
0110110011110010011010111010100101011101010110001111001111000010011111101000011011110101100010111100110100011111111101100110011111100110011011001111100101101011110110100101111101010100111111101010
0111001001101110001110100111100110011110101010010101110101100101110110010110011011011100000111111100111110111100011011110010111011101100011110110111100011010111110100111110101011110011010110111100
0111110000110010000011110011100110110011101010011100110110100100111110100110001111010111000110101101110010010111010011100110110100110110011110111110100011101111010100110110101111110001010111111100
0111110000110010000011110011100111010001111010111000101110110010101110101100010111010101100011101101100100110111010010110111100100011110110110011110110101101011011110100111101110010101110111011010
0111100101010110010011011110100011001101111100001011101110100101101101001010111011100101010110111011001110001101001111100010111111000000111101011111110001111011110100100111011011010110111001111010
0111011010010110011101101001100110110111001110100100011101110001011011110000101110111010010011111001111000101110110001110011100010111000111101101111110001101100111100110001111111010111011100011110
0111000001111010100101001111110011000101111000001111111000100111110011011010101010110001110110110101011010110101000111110110101011100110011111010110100111111100110110011111110011100001101111011100
0111111111000010100111011110110001011111011000101111011110010110111011111010101001111101110100110111110010101110101111010010111111100000111101101011110011011101110100110101110111110000111110111100
0111111111000010100111011110110001101111011000110111101110010011110111111100011001111110100110101111011110001101101111100011101111100000111101110011110011011011011100110101111011110000111111011100
0111010011001110111000101101110010101101011100010110101101100011001111100100110101110010110101011100011110001111111100000111101010011010111101011001110111011011111110001001111111100011111111011000
0111100011010110110100101101110001101100111100100110101110010011010111011000110011110010110101011100011110001111111100000111101010101010111101010101110111110011111110000011111111100011111111011000
0111100011101010110010011101110011001110011100001101111010100101101110001010111011010101010111010100011110110110101011110100111111001110001111111100000111010111110010111001100111110101100110111110
0111100001110010110101011010110010101101011100010101110110100010111110010100011101110010100111101101010110101011001011110001111111111000001111011011000111101111001010110100111111110000110111111100
0111100001110010110101011010110010101101101100010101110110100010111101010100011101110010100111101101010110101011001011110001111111111000001111011011000111101111001010110110011111110000011111111100
0111111100100010110110100110110011010101011100001011110110100001111110111000110001111101010010101110101100011011010110100111100011100110110110011011110011011111001100110100111110110100110111011110
0111100001110010110001001111110010001011111100110101101010110010110101000100111111100000110111110101010110101011001011110001111001111000111111110111010001111011101100100111010111010101101011111010
0111101101001010110101100101110011110100011100110110011010110110101010011110101010011010110001101111110000010111010111000011111010001100111100001110110111010100011110111001101111110001100111111100
0111110000011010110010101011110010001011111100111001001110110101100101100110010101110101000111101100001110111101011010110011010001011100111101100011110110101011011110101111011001110001111111110000
0111110010001110111100010101110010110111001100011110101011100010101101110100010110110011100110111000110110011110100110100011110110010100111100111111110001011010111100111001011111010111001100111110
0111111000011010111001001011110110001011011110010100110111100010101011100100110111101000110011111001010100011111001010100111110000011110111101111111110000101101111100011100111111000101111001110110
0111111000010010111010100011110111010000111110010101011011100010101101101100010111011100100011111000110100111011010010110110110001011110111000001111110101100111100110110111001111010101101101101110
